100
0 37 91.06
0 49 30.2
0 89 68.4
0 92 42.6
1 32 3.64
1 35 73.0
1 58 24.12
1 84 42.19
2 5 95.54
2 24 5.79
2 30 2.05
2 47 39.3
2 50 73.63
2 52 89.78
3 27 39.31
3 34 56.37
3 54 20.23
3 65 6.58
3 67 18.69
3 72 30.58
4 13 67.11
4 15 5.35
4 27 12.43
4 59 89.61
4 63 75.99
4 90 22.53
5 13 33.81
5 36 26.41
5 38 6.83
5 46 52.67
5 67 76.09
5 72 45.81
6 13 75.85
6 76 82.77
6 97 67.62
6 99 26.03
7 40 53.22
7 47 88.54
7 81 92.59
8 24 42.42
8 42 79.81
8 66 80.54
8 75 83.81
8 80 39.64
8 92 53.85
8 99 90.16
9 70 18.32
10 47 8.39
10 51 81.65
10 58 42.81
10 59 13.1
10 72 59.78
10 85 28.71
10 96 54.0
11 26 25.81
12 13 96.24
12 17 49.96
12 34 66.9
12 42 78.22
12 81 32.88
13 15 24.48
13 24 98.04
13 43 49.26
13 70 2.93
13 71 27.98
13 90 34.87
13 92 68.59
14 60 39.92
14 86 48.88
14 92 70.23
15 19 40.8
15 57 55.51
15 63 36.06
15 70 16.5
15 99 27.59
16 20 68.58
16 44 25.9
16 47 29.27
16 64 46.21
16 66 45.42
16 83 62.58
17 20 18.58
17 29 94.38
17 40 10.76
17 53 86.67
17 72 27.95
17 95 18.81
18 21 42.81
18 22 41.33
18 34 80.12
18 90 19.69
19 47 48.95
19 68 91.43
19 76 64.69
20 24 77.98
20 36 85.14
20 47 44.9
20 66 64.5
20 75 80.66
20 87 8.67
21 28 97.12
21 29 5.83
21 63 82.2
21 76 46.58
21 96 21.58
22 53 99.03
22 67 15.17
22 68 6.84
23 95 74.64
23 96 72.55
24 36 89.91
24 63 64.27
24 73 41.0
24 77 42.96
24 86 30.14
25 45 97.3
25 82 5.02
25 88 28.74
26 36 68.56
26 77 8.44
26 90 26.58
27 82 97.18
28 41 47.74
28 43 48.08
28 51 96.78
28 65 52.57
28 66 24.67
28 67 19.74
29 39 90.2
29 53 40.74
30 53 51.69
30 61 4.86
30 64 23.06
31 49 54.81
31 51 29.46
31 60 1.26
31 88 24.41
32 43 26.48
32 54 49.64
32 96 14.15
33 35 49.48
33 89 87.88
34 43 70.51
34 73 83.59
34 97 27.55
35 77 18.71
35 93 22.37
36 43 86.98
36 49 92.41
36 75 3.58
36 80 58.25
36 82 17.92
36 89 21.48
36 93 5.47
37 46 36.44
37 67 67.08
37 71 93.79
37 73 34.43
37 75 29.63
38 58 49.51
38 75 93.21
40 43 34.6
40 53 26.9
41 44 35.62
41 46 88.24
41 50 82.28
41 95 98.08
42 68 5.89
42 75 75.97
42 84 32.0
42 86 39.01
42 97 13.34
42 99 11.81
43 50 7.33
43 56 48.36
43 58 58.74
43 61 82.24
43 66 27.87
43 93 72.3
44 81 93.44
44 95 61.74
45 77 90.51
46 82 35.19
48 49 66.45
48 51 42.33
48 74 37.27
48 97 2.25
48 98 34.87
49 64 54.93
49 65 27.41
49 70 18.83
49 74 96.65
49 91 14.61
50 55 73.6
50 65 16.82
50 66 0.98
50 76 32.94
50 77 80.68
50 86 50.42
50 88 7.26
50 90 2.66
50 93 69.81
51 55 87.01
51 74 83.9
52 65 41.78
53 67 10.74
53 68 10.49
54 55 77.57
54 64 49.51
54 68 99.77
54 94 8.53
55 86 17.72
55 87 45.25
57 81 40.09
57 86 9.03
58 66 59.75
58 70 27.55
59 78 47.12
60 85 35.11
60 94 84.39
60 97 50.14
61 96 4.58
62 65 94.44
62 99 19.86
63 66 44.01
63 83 96.92
63 97 96.27
64 81 87.02
64 87 30.06
64 89 95.4
64 93 57.0
64 99 43.41
65 82 35.13
65 92 22.05
66 70 74.62
66 79 15.19
67 69 73.31
67 73 79.06
67 85 67.2
68 81 75.59
69 71 77.43
69 83 94.91
70 87 53.79
73 76 71.56
73 78 81.15
75 79 30.2
75 80 26.45
76 97 25.15
78 93 41.63
78 95 82.86
79 85 92.03
82 89 85.6
83 87 3.23
84 90 64.68
85 98 69.13
86 91 96.38
88 92 12.54
89 93 9.15
91 95 60.64
94 99 24.54
95 96 86.15