25
0 2 2.16
0 10 21.16
0 18 0.83
0 23 6.19
1 8 3.93
1 10 9.7
1 12 3.57
1 15 18.64
1 16 11.87
1 23 23.81
1 24 21.82
2 15 2.53
2 19 5.73
2 21 5.55
2 23 6.16
3 5 2.72
3 7 16.15
3 9 15.73
3 12 22.44
3 24 8.32
4 9 18.0
4 10 1.02
4 12 24.01
4 19 11.35
4 20 6.71
4 23 23.18
5 10 3.14
5 15 20.86
5 16 8.57
5 18 23.09
5 19 12.17
6 8 21.63
6 9 10.0
6 13 1.57
6 15 15.57
7 20 4.43
8 10 7.51
8 22 0.97
8 23 14.56
9 11 19.66
9 21 21.27
10 14 24.44
10 16 17.29
10 24 0.99
12 16 14.45
12 19 6.43
13 23 6.54
14 21 22.76
15 20 6.84
15 21 4.82
16 17 21.33
16 19 18.09
17 18 14.15
17 23 3.92
18 20 15.73
18 23 18.54
19 20 11.28
19 22 23.01
20 24 13.02