50
0 29 36.56
1 8 47.52
1 12 22.98
1 21 38.8
1 34 24.28
2 7 41.24
2 49 33.1
3 9 13.74
3 19 34.91
3 27 40.43
3 28 30.35
3 32 22.03
3 39 22.04
3 44 14.97
4 6 11.17
4 13 12.26
4 40 9.3
4 44 25.85
4 48 49.18
5 17 14.37
5 35 39.79
6 21 1.21
6 24 19.18
6 27 44.18
6 30 9.35
6 47 4.29
7 16 9.38
7 31 38.86
8 15 14.2
8 34 7.02
8 36 40.7
8 39 41.09
8 42 35.37
8 46 47.32
9 12 15.7
9 17 10.87
9 35 37.36
9 44 36.66
9 46 48.21
9 47 38.94
9 48 13.92
10 12 1.17
10 23 39.12
10 29 29.11
10 33 14.45
10 39 1.98
10 46 45.82
11 19 1.28
11 26 24.44
11 33 23.81
11 39 26.17
12 15 37.07
12 27 32.93
12 28 46.6
12 29 36.47
12 37 19.19
13 32 23.62
13 38 32.97
14 16 15.47
14 17 5.03
14 37 10.0
14 46 23.23
15 19 45.13
15 25 27.56
15 37 16.09
15 48 42.7
16 48 49.58
17 24 15.52
17 28 12.31
17 35 46.63
17 48 42.23
17 49 12.15
18 42 9.11
18 45 13.94
18 47 7.73
19 29 11.16
20 23 45.85
20 25 1.16
20 27 31.25
20 30 16.99
20 38 25.59
20 43 38.77
20 44 11.81
20 46 7.28
21 40 36.84
22 33 34.02
22 44 1.88
22 48 44.73
23 31 36.57
23 32 44.92
23 36 25.28
24 40 6.49
24 44 28.56
24 48 29.19
25 26 39.61
25 33 19.56
25 36 20.66
25 39 14.72
26 30 5.37
26 46 4.9
26 49 23.48
27 29 37.11
27 34 46.46
29 31 32.97
30 35 37.72
30 40 24.58
31 37 35.98
31 49 19.68
32 44 45.68
32 46 0.07
33 37 20.5
36 44 23.33
37 40 47.42
37 47 4.02
37 49 36.42
39 40 43.42
39 43 6.6
40 42 18.9
40 44 14.54
40 48 44.73
41 48 9.13
43 47 28.84
45 46 34.81
46 49 33.67